27.8
27.8
27.8
27.7
27.8
27.7
27.7
27.7
27.8
27.8
27.8
27.8
27.8
27.7
27.7
27.7
27.7
27.6
27.7
27.8
27.8
27.9
27.9
28.1
28.1
28.3
28.3
28.3
28.2
28.1
28.1
28.2
28.1
28.1
28.1
28.1
28.3
28.3
28.2
27.8
27.8
27.8
27.8
27.8
27.8
27.8
27.9
27.8
27.8
27.9
27.9
27.9
27.9
28
28
28
28
27.9
27.8
27.7
27.6
28
28.3
28.2
28.3
28.4
28.4
28.4
28.4
28.2
28.4
28.6
28.5
28.4
28.4
28.4
28.4
28.6
28.5
28.6
28.6
28.7
28.7
28.7
28.9
29.1
29.2
29.2
29.3
29.6
29.5
29.4
29.4
29.5
29.5
29.5
29.5
29.6
29.6
29.7
29.7
29.7
29.8
29.7
29.7
29.7
29.5
29.3
29.1
28.9
28.9
29
29
29.1
29.2
29.3
29.9
30.2
30.4
30.5
30.3
30.8
31.2
31.4
31.4
31.4
31.4
31.2
31
30.6
30.5
30.7
30.9
30.9
31
31.1
31.1
31.1
30.8
30.7
30.9
31.1
31.3
31.4
31.6
31.6
31.7
31.6
31.3
31.4
31.7
32.1
31.8
31.7
31.9
32.1
32.4
32.4
32.1
32.4
32.7
32.6
32.9
33.2
33.3
33.4
33.5
33.6
33.4
33.7
33.8
33.8
33.8
34.1
34
33.8
33.8
34.3
34.8
34.8
34.6
34.3
34.3
34.4
34.6
35.1
35.2
35.4
35.6
35.3
35.3
35.7
35.8
35.8
36
35.8
35.7
35.5
35.5
35.6
35.8
35.4
35.3
35.6
35.7
35.3
35.4
35.8
35.6
35.6
35.1
34.6
34.4
34.3
34.2
34.1
34.1
33.4
33.2
32.8
32.3
31.8
31.4
31.3
30.9
30.4
30.2
29.9
29.7
29.7
29.7
29.7
29.7
29.7
29.8
29.8
29.8
29.7
29.8
29.8
29.8
29.7
29.7
29.6
29.6
29.5
29.4
29.3
29.3
29.3
29.3
29.2
29.2
29.3
29.4
29.3
29.3
29.3
29.3
29.2
29.2
29.2
29.2
29.2
29.2
29.2
29.1
29.1
29.1
29.1
29.1
29
29
28.9
28.9
28.9
28.8
28.8
28.8
28.8
28.8
28.8
28.8
28.7
28.7
28.7
28.7
28.8
